Average SSIM: 0.3874290043816847
SSIM values for each image:
0.2735097110271454
0.4573942720890045
0.377987265586853
0.3214549124240875
0.4536358118057251
0.4621244966983795
0.5190141797065735
0.48951470851898193
0.4458118975162506
0.36496368050575256
0.44651803374290466
0.3305004835128784
0.48911264538764954
0.4684162139892578
0.569725751876831
0.49147629737854004
0.29856887459754944
0.3405929505825043
0.2902844250202179
0.4486963748931885
0.2980222702026367
0.2793963849544525
0.3468689024448395
0.322866827249527
0.3082539141178131
0.3314899504184723
0.2786961495876312
0.3924872875213623
0.6182649731636047
0.33445611596107483
0.3736264407634735
0.287095308303833
0.42366525530815125
0.5749335885047913
0.3277163803577423
0.45326724648475647
0.3079550564289093
0.3261087238788605
0.30221810936927795
0.31552639603614807
0.5063588619232178
0.3065340220928192
0.3805043399333954
0.3452308177947998
0.3214374780654907
0.3294430375099182
0.43452298641204834
0.30332258343696594
0.5890722870826721
0.3707452714443207
0.44221389293670654
0.4123164713382721
0.28243380784988403
0.29259029030799866
0.4957173764705658
0.31770941615104675
0.3175986707210541
0.36823365092277527
0.3066771924495697
0.3170032799243927
0.29497501254081726
0.5462591648101807
0.2985353171825409
0.379671573638916
0.48047327995300293
0.4279686510562897
0.44419971108436584
0.3946155607700348
0.348051518201828
0.34948620200157166
0.31778571009635925
0.5363474488258362
0.4322836101055145
0.33911368250846863
0.34224987030029297
0.2861107289791107
0.3100771903991699
0.4452721178531647
0.31958749890327454
0.42239871621131897
0.3540901243686676
0.28271615505218506
0.5839672684669495
0.37502631545066833
0.2955071032047272
0.477920264005661
0.29770341515541077
0.28517118096351624
0.3055271804332733
0.31585201621055603
0.5140924453735352
0.27338841557502747
0.44326838850975037
0.28504952788352966
0.27379533648490906
0.33148229122161865
0.5748040676116943
0.30199286341667175
0.4784572422504425
0.3477356433868408
0.3202211856842041
0.47844424843788147
0.46833595633506775
0.31216609477996826
0.2937707006931305
0.3242134153842926
0.450408011674881
0.3374815881252289
0.4768236577510834
0.48763418197631836
0.3009304404258728
0.3128508925437927
0.4294452369213104
0.43997159600257874
0.3085387945175171
0.46479713916778564
0.3337250053882599
0.3184099495410919
0.4151783883571625
0.3238581418991089
0.32456961274147034
0.30710694193840027
0.3313479423522949
0.34362518787384033
0.3367139399051666
0.30308619141578674
0.4253120422363281
0.4462691843509674
0.2916772663593292
0.5112740397453308
0.3251200020313263
0.4063720703125
0.45569053292274475
0.3591262400150299
0.49352797865867615
0.545828104019165
0.4868931472301483
0.29875627160072327
0.29564300179481506
0.2936735153198242
0.541078507900238
0.3054214417934418
0.28986790776252747
0.48948177695274353
0.4350409507751465
0.458639532327652
0.5455181002616882
0.2886437773704529
0.6332727074623108
0.4632399082183838
0.3124338686466217
0.33682718873023987
0.29954251646995544
0.3724687099456787
0.43065452575683594
0.3034467399120331
0.37615418434143066
0.45465826988220215
0.48567476868629456
0.5450468063354492
0.2850187122821808
0.41666391491889954
0.4953078329563141
0.2905936539173126
0.3636740744113922
0.40473389625549316
0.46397876739501953
0.5101315975189209
0.556262195110321
0.43574225902557373
