Average SSIM: 0.40652372802005093
SSIM values for each image:
0.2895406186580658
0.4814818799495697
0.3907108008861542
0.33502522110939026
0.4915408790111542
0.4590546190738678
0.5474900603294373
0.5297368168830872
0.470773309469223
0.3942888081073761
0.46748629212379456
0.3353373110294342
0.527797281742096
0.47042718529701233
0.5903282165527344
0.5083602070808411
0.298112154006958
0.3570758104324341
0.3033134937286377
0.4658561944961548
0.3633996248245239
0.2853333652019501
0.36134323477745056
0.33740273118019104
0.3376345932483673
0.3183237612247467
0.29808735847473145
0.4081207811832428
0.6435820460319519
0.32565879821777344
0.39452579617500305
0.33344581723213196
0.4322504997253418
0.5710699558258057
0.3277475833892822
0.4675239622592926
0.35578465461730957
0.3037799298763275
0.3086869716644287
0.3162950575351715
0.52180415391922
0.3395254611968994
0.359729140996933
0.3512199819087982
0.3500252962112427
0.35405173897743225
0.45895180106163025
0.32824960350990295
0.5901803374290466
0.39986446499824524
0.4801749289035797
0.47162318229675293
0.29348859190940857
0.3126007616519928
0.5446293354034424
0.3517422676086426
0.3340420424938202
0.3540690839290619
0.31646981835365295
0.34526148438453674
0.33886513113975525
0.58113032579422
0.2878592312335968
0.40460434556007385
0.48922860622406006
0.4810303747653961
0.45436668395996094
0.4380386173725128
0.3645923137664795
0.37063708901405334
0.3255651891231537
0.5662503838539124
0.4621295928955078
0.3320489823818207
0.35577884316444397
0.3106791079044342
0.30545976758003235
0.47421613335609436
0.34882065653800964
0.46411076188087463
0.36843791604042053
0.3094038963317871
0.5869976878166199
0.3546844720840454
0.3450615108013153
0.4118119180202484
0.3363346755504608
0.3079984188079834
0.341054767370224
0.32960784435272217
0.5596680641174316
0.3117389678955078
0.36024537682533264
0.2690967619419098
0.33380767703056335
0.3684934675693512
0.5594012141227722
0.3047184646129608
0.4893467426300049
0.3682171404361725
0.36428919434547424
0.504921019077301
0.5371846556663513
0.3237192630767822
0.33491837978363037
0.3184209167957306
0.48185262084007263
0.33236584067344666
0.49978557229042053
0.5122546553611755
0.3486768305301666
0.3428082764148712
0.43669986724853516
0.4010061025619507
0.315763384103775
0.5200227499008179
0.35525068640708923
0.3276505172252655
0.44368860125541687
0.3340005576610565
0.3325059711933136
0.3024713695049286
0.35070958733558655
0.3647480010986328
0.35221537947654724
0.34291872382164
0.42275533080101013
0.4635579586029053
0.31710484623908997
0.5586164593696594
0.3285731375217438
0.41428589820861816
0.4920981824398041
0.4091291129589081
0.4999828338623047
0.5702290534973145
0.5021414160728455
0.3152645528316498
0.30586621165275574
0.3132816255092621
0.5720230937004089
0.3280244767665863
0.2918189764022827
0.5020743012428284
0.4798874855041504
0.5087372064590454
0.534837007522583
0.3139306902885437
0.6696720123291016
0.5061575770378113
0.3122498393058777
0.37082359194755554
0.3071843683719635
0.3722613751888275
0.4408475458621979
0.3608464002609253
0.392853707075119
0.5285164713859558
0.5207055807113647
0.5452280640602112
0.3041398227214813
0.4180825650691986
0.5453196167945862
0.30580899119377136
0.3910691440105438
0.41081348061561584
0.49702319502830505
0.5200735926628113
0.564642608165741
0.46666935086250305
