Average SSIM: 0.44285977342549493
SSIM values for each image:
0.3117525279521942
0.5154955983161926
0.42462989687919617
0.3692578077316284
0.5293794274330139
0.5128933787345886
0.5936281085014343
0.574147641658783
0.4977419078350067
0.4064923822879791
0.49845775961875916
0.3672868311405182
0.5672082304954529
0.5126652121543884
0.627922773361206
0.5487231612205505
0.3255431652069092
0.3947288990020752
0.3333562910556793
0.511239767074585
0.3772164583206177
0.3211304843425751
0.4021877348423004
0.378362774848938
0.3802098035812378
0.36531445384025574
0.3115571439266205
0.4407290518283844
0.6923624873161316
0.36661162972450256
0.44330868124961853
0.3570673167705536
0.4847954213619232
0.6321213245391846
0.3669102191925049
0.5123486518859863
0.379470556974411
0.3561890125274658
0.34307971596717834
0.3480062484741211
0.5724553465843201
0.36997660994529724
0.39141371846199036
0.4070492684841156
0.37224626541137695
0.37706324458122253
0.5041532516479492
0.3493014872074127
0.637711226940155
0.42806196212768555
0.5205176472663879
0.5005786418914795
0.3218984305858612
0.3324321210384369
0.5721600651741028
0.3856717050075531
0.3571294844150543
0.378279447555542
0.35361039638519287
0.37515130639076233
0.35878702998161316
0.6110458970069885
0.34296539425849915
0.43287408351898193
0.5327630639076233
0.5191324353218079
0.5059284567832947
0.466986745595932
0.3949805200099945
0.40949395298957825
0.35524603724479675
0.6032629609107971
0.5010811686515808
0.3720049560070038
0.3998459279537201
0.33832278847694397
0.34329357743263245
0.5131760835647583
0.38565197587013245
0.5015864372253418
0.40035781264305115
0.33019450306892395
0.6323495507240295
0.40305694937705994
0.36615538597106934
0.5024096369743347
0.3571791648864746
0.3305269479751587
0.3678834140300751
0.3565737307071686
0.6039214730262756
0.33874306082725525
0.482612282037735
0.32983747124671936
0.3527351915836334
0.38427865505218506
0.6245116591453552
0.3298232853412628
0.535919189453125
0.3913874328136444
0.38751840591430664
0.5394080281257629
0.5693029761314392
0.35272645950317383
0.36054325103759766
0.35734930634498596
0.5272481441497803
0.36727389693260193
0.5417768359184265
0.5530773401260376
0.37299180030822754
0.36061611771583557
0.48755255341529846
0.4772457778453827
0.34509244561195374
0.5615497827529907
0.3775593340396881
0.351491242647171
0.47434914112091064
0.3592543303966522
0.36959514021873474
0.33205828070640564
0.37910059094429016
0.40417346358299255
0.38188648223876953
0.3684391975402832
0.46559664607048035
0.5063610672950745
0.35205984115600586
0.5995234847068787
0.3695092499256134
0.4474022388458252
0.539194643497467
0.45053374767303467
0.5480577945709229
0.6089005470275879
0.552666962146759
0.33908143639564514
0.3375155031681061
0.3393583297729492
0.6106166243553162
0.3532964885234833
0.31666624546051025
0.5563563108444214
0.5166577696800232
0.5423926711082458
0.608746349811554
0.34236034750938416
0.7013921737670898
0.5418304800987244
0.3446217477321625
0.3980303704738617
0.33169034123420715
0.40604302287101746
0.49057844281196594
0.3707663118839264
0.42450380325317383
0.5546901226043701
0.5660598278045654
0.6017565131187439
0.3421936333179474
0.47068819403648376
0.5825485587120056
0.3216608762741089
0.4197046756744385
0.44738462567329407
0.5389935970306396
0.5616430640220642
0.6079128980636597
0.5021557211875916
